1.084331741753986571e+05
-6.782872042703769200e-01
3.732218010169782247e+03
1.938037285261736548e-02
-5.331818301303761221e-01
-1.045020209436786293e-03
-1.223781168816300280e-01
2.617819763033817360e-01
2.664832647285426126e-01
2.574236219458330699e-01
2.539468832084043060e-01
2.540363582353626359e-01
2.619264586465661626e-01
2.802421283272262809e-01
2.824969995499432285e-01
2.892479014542430060e-01
3.102167500324681249e-01
3.384690940982130192e-01
3.831177249311052968e-01
3.188061503150084741e-01
3.072494034243623551e-01
2.925635518788454736e-01
2.877632088492567686e-01
2.740719886090314250e-01
2.734062894466772753e-01
2.618269289866252958e-01
2.559931701955902028e-01
2.615041670526107032e-01
2.588433443378791998e-01
2.635904852888700245e-01
1.124552568908233185e+00
1.110537059301033302e+00
1.106314296978965439e+00
1.106459281559531993e+00
1.106282320986344159e+00
1.109179103557582424e+00
1.113410234561199585e+00
1.116555168300646717e+00
1.106203998453883619e+00
1.113169234216672576e+00
1.112428183796239978e+00
1.107918288315594468e+00
1.107457466626598830e+00
1.106820561032457961e+00
1.101281520149798077e+00
1.115746982541752530e+00
1.110626593946988150e+00
1.113986943771165805e+00
1.110222993941431646e+00
1.108752979990368370e+00
1.107758160530505354e+00
1.109006048083072349e+00
1.127531769003617734e+00
