3.105225308617750125e+04
-3.152653624442638414e-01
4.290241308619299616e+02
5.662826806336968000e-02
-9.544642681909552007e-01
-2.429359823664923018e-05
-1.157756000106115568e+00
2.638000767498761001e-01
2.680277090347626401e-01
2.583368048107432813e-01
2.544590325962841626e-01
2.544726446871692915e-01
2.617008472956692255e-01
2.796751682194628663e-01
2.806348432559860884e-01
2.852310226403478866e-01
3.029290014624920202e-01
3.224905301888582598e-01
3.635091033742888222e-01
3.247302036041977424e-01
3.126688791693962854e-01
2.971159496484673257e-01
2.906738267496087325e-01
2.767058570569303488e-01
2.755103863939331044e-01
2.631346520596225536e-01
2.567248949918723988e-01
2.618641936772443390e-01
2.592834567463364603e-01
2.634197984202516496e-01
1.124564985646693716e+00
1.110547888862542854e+00
1.106323450091252658e+00
1.106466674909769576e+00
1.106286803428169874e+00
1.109182764089656326e+00
1.113409703126655881e+00
1.116551920631964068e+00
1.106191164868951304e+00
1.113120205674179797e+00
1.112158157223860355e+00
1.108304395035629497e+00
1.107673653437504457e+00
1.106893423223638040e+00
1.101318850116401515e+00
1.115774728225812806e+00
1.110644045291795834e+00
1.114000244408272389e+00
1.110234156942754069e+00
1.108762515695374651e+00
1.107766186670972486e+00
1.109010321195867288e+00
1.127535460337393047e+00
