1.001230631955196732e+05
-6.000677867131671839e-01
1.420235234661159893e+03
1.947246693852151128e-02
-5.576426625765393830e-01
-8.488577516076831631e-04
-4.790183932925523580e-01
2.627896577170961145e-01
2.670524809273504552e-01
2.579979825819707639e-01
2.542382678297059884e-01
2.543250701504192746e-01
2.619828003765120039e-01
2.800273199850265016e-01
2.817200182852340751e-01
2.875767194502468760e-01
3.071535279416975350e-01
3.324112935040479666e-01
3.765637142035173635e-01
3.201605809283852300e-01
3.085691843673868395e-01
2.937494600345401108e-01
2.886325106514061600e-01
2.748739199006278722e-01
2.742096525256835227e-01
2.623626881407291611e-01
2.564780861465985051e-01
2.618054184211668356e-01
2.590913859600991187e-01
2.637773813723108263e-01
1.124553491523005322e+00
1.110539029417913381e+00
1.106315021647201524e+00
1.106460021050818421e+00
1.106281741926956386e+00
1.109177737841069433e+00
1.113407192717442706e+00
1.116550594451241718e+00
1.106194825827822248e+00
1.113146079394774279e+00
1.112321789520230864e+00
1.107795489612642292e+00
1.107516374607567800e+00
1.106838803851042385e+00
1.101290203086029429e+00
1.115753045768827612e+00
1.110630303942209185e+00
1.113989114220416798e+00
1.110224931218345645e+00
1.108753966746229169e+00
1.107758809711861359e+00
1.109005518632666387e+00
1.127529926663815241e+00
