1.061804565412223837e+03
3.916015995954649220e-01
2.673804480111834181e+01
2.331111703997834628e-02
-5.846058229014368113e-01
-9.245597155103403575e-04
-2.146994193955386265e+00
2.669978820788386775e-01
2.708056396677445687e-01
2.610056830548947993e-01
2.567888076010809706e-01
2.560020697397550338e-01
2.629629660295244586e-01
2.796356535641261187e-01
2.794203632298720708e-01
2.812466306369098001e-01
2.932661126905745652e-01
2.966745201061930515e-01
3.303293599431221805e-01
3.252620071494314868e-01
3.160826214091656539e-01
3.003972641706482705e-01
2.947947686006730517e-01
2.800686924894876251e-01
2.785807174836226752e-01
2.661518893407802677e-01
2.593706963970491275e-01
2.642814022141186103e-01
2.609370977529441582e-01
2.646565584191757359e-01
1.124574021369429300e+00
1.110556869029142302e+00
1.106329428193420616e+00
1.106470582632503419e+00
1.106289879160482048e+00
1.109181141759415512e+00
1.113404318526870940e+00
1.116535641835582959e+00
1.106151121072397547e+00
1.113022021626107749e+00
1.111724563524918441e+00
1.109124120926639145e+00
1.107782086393283683e+00
1.106928374776283253e+00
1.101342790617188205e+00
1.115787600909266430e+00
1.110656344405729357e+00
1.114011021801629475e+00
1.110241531692484296e+00
1.108768229821995410e+00
1.107769802738647558e+00
1.109012603136397379e+00
1.127534427462721256e+00
