1.839758891842158594e+13
-5.670417213911407295e+00
5.409802069762372975e-04
3.500194089411187712e+18
-8.854236792662479871e+00
-2.090222420676181303e-02
-1.344370773721178525e-01
7.665670456410214606e-03
-1.378340480972890170e+01
1.018521100138650937e+00
-1.077021667341960531e-01
1.924501558717993388e-01
1.797563621795384425e-01
1.794960589205966406e-01
2.181648673265143279e-01
1.912190593924368298e-01
2.392198795209352635e-01
1.800981776662814726e-01
1.772237895758791426e-01
1.872284455706159367e-01
2.067653867884809149e-01
1.840097533078911551e-01
2.207629602394802770e-01
1.961689091760764059e-01
2.008729703217304319e-01
2.044196942279304374e-01
1.796971085659559986e-01
1.988317131230350754e-01
1.756488592424683970e-01
1.673186864997036061e-01
1.906464508914066380e-01
2.025281286425217320e-01
1.969788928553647678e-01
1.268734523476337528e-01
1.117696527395098505e+00
1.079174025802714931e+00
1.078564065389169269e+00
1.074189545527891143e+00
1.089188228994287799e+00
1.108006088771771314e+00
1.077162810680904803e+00
1.076506371081890290e+00
1.106656461216688481e+00
1.072653976963717559e+00
1.097860759863244162e+00
1.109839370384357649e+00
1.083475100481627651e+00
1.085436697605098200e+00
1.114665277964890677e+00
1.131082195873722052e+00
1.091054232974647542e+00
1.095971434018545132e+00
1.098379413387508219e+00
1.087662871180923085e+00
1.078551307347343835e+00
1.094898795240736966e+00
1.102971794652758852e+00
