1.393083744708935046e+04
-4.790037999452166906e-01
4.929827786593941141e+01
9.652670143172460780e-04
-5.018383562589825431e-01
-3.131035042911292957e-05
8.990417073856479813e-02
3.051094732621705830e-01
3.110875588567957317e-01
2.895603362931572500e-01
2.904738697065116781e-01
2.815249502476404042e-01
2.781551009278182551e-01
3.056386790661238528e-01
2.853610318961369852e-01
2.623442331455906884e-01
3.026289798920375196e-01
2.829928295909412972e-01
3.554520827195308263e-01
2.929181492397839315e-01
2.939607573298531618e-01
3.113595009607007524e-01
3.085543768621161198e-01
2.989605316913387933e-01
2.867553254440258770e-01
3.155284975359179400e-01
2.990613667266498465e-01
2.865549765897699719e-01
2.960603493785977092e-01
3.028601706644157843e-01
1.126616920791902787e+00
1.100265196020326020e+00
1.104901470796776808e+00
1.105548689009967278e+00
1.097804051109472434e+00
1.101427588933534762e+00
1.086472980529883170e+00
1.106850192505092201e+00
1.090692770223384400e+00
1.104287256157651997e+00
1.095750621858899265e+00
1.092979220516927086e+00
1.105439091683836583e+00
1.108313767087443669e+00
1.095865940621687740e+00
1.112284893646390715e+00
1.102815613552212470e+00
1.104661700780965372e+00
1.101734125238886808e+00
1.107785554098019265e+00
1.111085207084440807e+00
1.114427436062792598e+00
1.138405867037600716e+00
