1.747389930876932922e+05
-8.906401947515062423e-01
5.351509378011692206e+03
1.711250493536422418e-02
-4.809232827122197351e-01
-1.240529712421657238e-03
2.880707787349108262e-01
2.619444100399202502e-01
2.666341225814883864e-01
2.578728617579184590e-01
2.544310810920198951e-01
2.546886013574475860e-01
2.627760533496864004e-01
2.812365537338034627e-01
2.836630976260065551e-01
2.906449165274835322e-01
3.118667813593714033e-01
3.405060770690569449e-01
3.769938943657166752e-01
3.129905401388706765e-01
3.041899244611891984e-01
2.908993576541688553e-01
2.868862820177028872e-01
2.736876217826515467e-01
2.734039514388332814e-01
2.620063263984181434e-01
2.564137486145154909e-01
2.620442161286148930e-01
2.595137118369829077e-01
2.644949091697698096e-01
1.124550483491864705e+00
1.110536791895355258e+00
1.106314312717920467e+00
1.106460428456870870e+00
1.106283994002629223e+00
1.109181431128625217e+00
1.113414209341024419e+00
1.116561067868140356e+00
1.106214801628501165e+00
1.113193891007127068e+00
1.112518327462815870e+00
1.107549495342464496e+00
1.107357366285860012e+00
1.106795070499409173e+00
1.101270386225982501e+00
1.115741618320161832e+00
1.110623814844568846e+00
1.113985408863151338e+00
1.110222752846820926e+00
1.108753225477728144e+00
1.107759279399908259e+00
1.109007841828369756e+00
1.127533797105735314e+00
