4.312409190921122786e+02
-1.099214068845491554e-01
1.803637651576888443e-03
4.554990222397071875e+02
-4.241448050618658039e-01
-5.733357207380420562e+01
-2.618244737356518748e-01
2.428799406406264259e-03
4.407625336975053848e-04
7.426775116599431126e-01
-4.673512679307868095e-03
1.500737558480345624e-01
1.521272025592741439e-01
1.488644354480129772e-01
1.427433337874365882e-01
1.275289425607040172e-01
1.501528776064799675e-01
1.351883303676004455e-01
1.269792459611307212e-01
1.407111507489172686e-01
1.282963549707564765e-01
1.259408125552833047e-01
1.060810113861605092e-01
1.463620211255379500e-01
1.400258621066900744e-01
1.247688551694673825e-01
1.604834268402702546e-01
1.515810468716827231e-01
1.394365433051614478e-01
1.535096466630584411e-01
1.443334259602404579e-01
1.407986862081392065e-01
1.512051920603526556e-01
1.212139527472879119e-01
1.149397508410578084e+00
1.171818282957594048e+00
1.167306601269933131e+00
1.224851118454060916e+00
1.163764422285365141e+00
1.204718234110078834e+00
1.137524534706387369e+00
1.169524654486181037e+00
1.184037437811178872e+00
1.153786646687042561e+00
1.206617691516299828e+00
1.211501891448440338e+00
1.186147822037628474e+00
1.171668745511754706e+00
1.141905291874158124e+00
1.195298878723831004e+00
1.172867407595565847e+00
1.146713996717604767e+00
1.152964656811466870e+00
1.143191876191780310e+00
1.175415242826413298e+00
1.175854766577679289e+00
1.153039910112276356e+00
