8.483302091924974775e+02
-5.537195701608227694e+01
2.259847623698555630e+00
-2.300618688643320253e-02
6.725192232950592580e-05
4.889605575523418111e+02
-2.532530483766764462e+01
7.626337125761163405e-01
-5.196662871316676258e-03
7.019340389525039470e-01
2.539710040861550833e-03
2.004749990177056903e-06
-2.412726639759145831e-07
9.123270447352179119e-04
1.361700163463601676e-01
1.494068184237477004e-01
1.584576759795456868e-01
1.684371459688695505e-01
1.710634246902517364e-01
1.965815945461205083e-01
1.551919010835998702e-01
1.741730084406763190e-01
1.461882490792696943e-01
1.789756401939954777e-01
1.880970215525026301e-01
1.302580971840546775e-01
9.655914853912481166e-02
1.014522286713352844e-01
1.277409306939720768e-01
1.309071931507861108e-01
1.360631723217176070e-01
1.278399034607675122e-01
1.669990684734102837e-01
1.671262470106456288e-01
1.529845184569881833e-01
2.081609800937033183e-01
1.672456003538054237e-01
1.151844066427372804e+00
1.141504222868719332e+00
1.135090341567862815e+00
1.112219029735477704e+00
1.112786463043655250e+00
1.142797134079586829e+00
1.126509399938542488e+00
1.150131095974153750e+00
1.103681043940575757e+00
1.131388913217123537e+00
1.104808322875081794e+00
1.191424413890071143e+00
1.182904058173325446e+00
1.177301206650025689e+00
1.186333140355369187e+00
1.174092617645677405e+00
1.160060684192831593e+00
1.188805478710291519e+00
1.110445413365747536e+00
1.124919904273895321e+00
1.127575357376620735e+00
1.103834345064497402e+00
1.129811551920350432e+00
