7.740320763280146821e+02
-5.096017101845815489e+01
2.220032411169135411e+00
-2.399649378287095972e-02
7.846146166571969782e-05
4.993084606031000021e+02
-2.634058479663618613e+01
7.889177475595186007e-01
-5.383799187802433203e-03
6.987905805933203318e-01
2.708824586205296845e-03
1.686507001442587161e-06
-2.540091500743988972e-07
1.308852667460958137e-03
1.358318720589794804e-01
1.494830632644211232e-01
1.580851197183631707e-01
1.681956015710174002e-01
1.711238596975323267e-01
1.963280148405978642e-01
1.552361400939403502e-01
1.740078800442762252e-01
1.462389909973021429e-01
1.788695239017761007e-01
1.879822295610192318e-01
1.303186292115975919e-01
9.660491854561224778e-02
1.014269574059324663e-01
1.279811902777575339e-01
1.310146667882202964e-01
1.361039430871182065e-01
1.277663253896927364e-01
1.666462494493900215e-01
1.669822170865712663e-01
1.527662497950479092e-01
2.082391737478277161e-01
1.671301504133530791e-01
1.151619700768808263e+00
1.141094638997600663e+00
1.134821570200047702e+00
1.111876927679501748e+00
1.112327336657345622e+00
1.142387501331366462e+00
1.126096719431898929e+00
1.149746396945119375e+00
1.103289022309286382e+00
1.130970425526062195e+00
1.104370050629965627e+00
1.191103769411754776e+00
1.182640720471750617e+00
1.177051254403155056e+00
1.185918997544170184e+00
1.173718899951150307e+00
1.159698149474569506e+00
1.188505735668595298e+00
1.110147590778299387e+00
1.124545535687109243e+00
1.127264208620120334e+00
1.103273951287756738e+00
1.129426430203428922e+00
