8.460324529496688228e+02
-5.541844640891368101e+01
2.264972751697337472e+00
-2.296387085546056778e-02
6.632982352028035135e-05
4.890225574366919545e+02
-2.531240440762756094e+01
7.617800134831156367e-01
-5.188553619727235069e-03
7.008794073167405880e-01
2.557411581738768154e-03
2.012183921346873113e-06
-2.400293812748144305e-07
9.167323327617744790e-04
1.361132528640724149e-01
1.492288715957355572e-01
1.583507962877922504e-01
1.683510924438798850e-01
1.709090343553279767e-01
1.964594521867787102e-01
1.550697885372465390e-01
1.740945712308242521e-01
1.460610922039687898e-01
1.788640638228051749e-01
1.879585472575293903e-01
1.300733021800223321e-01
9.646703334735143298e-02
1.013406920675313239e-01
1.275117066390781817e-01
1.307276905570549375e-01
1.358832768559111726e-01
1.276611608565457745e-01
1.669187716117344344e-01
1.669543963995634150e-01
1.528319276520241909e-01
2.079416758924558517e-01
1.671764453448377763e-01
1.152003835488548900e+00
1.141721302588170728e+00
1.135290985630625693e+00
1.112422354347172293e+00
1.113017182100221714e+00
1.143042290982240639e+00
1.126712201579531669e+00
1.150337537939962518e+00
1.103876514468378645e+00
1.131612350778727905e+00
1.105051002171166363e+00
1.191653624806496392e+00
1.183036236020454268e+00
1.177445324955548989e+00
1.186546656761714447e+00
1.174291379162756499e+00
1.160264856404183753e+00
1.189000813173027638e+00
1.110645159843015151e+00
1.125152917789906892e+00
1.127786923653242956e+00
1.104126434033585236e+00
1.130007531563997691e+00
