2.620154940180651010e+03
-3.875429617420379780e-02
2.648149224987615291e+00
1.141103747220076695e-03
-5.329086894161909616e-01
-3.808634626408751291e-05
1.141336895729227943e-03
3.061374428332654940e-01
3.121723426419271696e-01
2.902968942901965610e-01
2.910099351905778287e-01
2.821954885834731530e-01
2.789344250524278257e-01
3.069628135121694190e-01
2.867726006889013690e-01
2.644142891327752043e-01
3.057793242060888317e-01
2.858426265836636615e-01
3.433848914791909346e-01
2.990604593389241672e-01
2.970388342940066262e-01
3.138835574615289059e-01
3.105582376054065730e-01
3.003834572970394134e-01
2.876741229028830227e-01
3.164950436521893895e-01
2.997748596441413005e-01
2.870770781101589786e-01
2.969159944231924975e-01
3.037338255972730772e-01
1.126590202473112701e+00
1.100223283269804897e+00
1.104866948747907029e+00
1.105519801984767625e+00
1.097770114400786756e+00
1.101394365541058962e+00
1.086426313765092688e+00
1.106821467187238950e+00
1.090667003064192953e+00
1.104311172119017304e+00
1.096039642874074183e+00
1.093173747529402995e+00
1.105645580405997919e+00
1.108499133331106501e+00
1.095921580906025872e+00
1.112276406893515146e+00
1.102794371778222038e+00
1.104639980937941690e+00
1.101696843568455764e+00
1.107751553302024128e+00
1.111056930652413399e+00
1.114385016744273704e+00
1.138367885883960096e+00
