1.433934231010730582e+04
-4.862653183164846737e-01
5.026912730644791338e+01
8.826273138244225894e-04
-4.552156253082061399e-01
-4.401707653547872866e-05
9.092068802193378763e-02
3.051123627908244318e-01
3.111040671933480994e-01
2.896019082962525415e-01
2.906045586766989874e-01
2.816351920785131746e-01
2.782717276141356555e-01
3.056723982333220402e-01
2.854015792165589538e-01
2.624221420457566456e-01
3.025658001621560622e-01
2.830426097509526340e-01
3.554593695340626525e-01
2.930329427475642512e-01
2.939068927807493292e-01
3.113821582401577470e-01
3.085807141619573146e-01
2.990095093484526623e-01
2.868760730251903590e-01
3.155881337784963714e-01
2.990855024203964985e-01
2.866336432786237842e-01
2.960764024287781404e-01
3.028751877488038424e-01
1.126624638026465286e+00
1.100272187314515593e+00
1.104906687068784477e+00
1.105549919830960848e+00
1.097806026536264579e+00
1.101429195365485336e+00
1.086479866854103582e+00
1.106856624099090691e+00
1.090696231331296229e+00
1.104306200778482516e+00
1.095758320166108968e+00
1.093117954551598103e+00
1.105433057695579091e+00
1.108329604250336109e+00
1.095874345964542806e+00
1.112292358121368174e+00
1.102821123099509304e+00
1.104663121271028503e+00
1.101739198843000311e+00
1.107791792988021884e+00
1.111088705092473150e+00
1.114434194078025575e+00
1.138413136060939523e+00
