1.381022483451066000e+04
-4.960006523815144175e-01
5.131975562947155822e+01
8.132819323195573935e-04
-2.359192104706173132e-01
-2.150917342885681999e-04
9.501934103167061774e-02
3.018890724961575955e-01
3.094770316299179647e-01
2.873737946780482444e-01
2.880352943369101082e-01
2.789287178538830125e-01
2.763325526460604920e-01
3.029741776622846827e-01
2.841034034350604087e-01
2.596356676432161059e-01
2.985833513442340270e-01
2.785196505635349484e-01
3.517326402808882424e-01
2.879633783791967216e-01
2.905935389894230281e-01
3.090789102942166355e-01
3.059861193694856651e-01
2.961518141009780170e-01
2.841552745582783257e-01
3.137201610701004784e-01
2.966840076983631169e-01
2.836207240929885520e-01
2.937745547282544223e-01
3.001018737410829917e-01
1.126580126810499571e+00
1.100153566362512159e+00
1.104834308062914161e+00
1.105492949188636276e+00
1.097758164459976538e+00
1.101338863526553746e+00
1.086395105523136451e+00
1.106677248421913617e+00
1.090588782341482155e+00
1.104147043273800755e+00
1.095330274352924960e+00
1.088795256193587413e+00
1.105017587498404508e+00
1.108107271950377504e+00
1.095663990660854514e+00
1.112170246392473638e+00
1.102748551915111452e+00
1.104605236157129911e+00
1.101629894779163843e+00
1.107721837992012626e+00
1.111054412946466563e+00
1.114357685477916471e+00
1.138348646411173837e+00
