1.392692798942569789e+04
-4.789503152226342042e-01
4.929045343973096749e+01
9.652927180470891001e-04
-5.018165070908147118e-01
-3.132553734211578549e-05
8.989752168038026015e-02
3.051065383354221727e-01
3.110853541433151181e-01
2.895578785924385334e-01
2.904710930405260405e-01
2.815222005701341068e-01
2.781525935017707951e-01
3.056358729427707255e-01
2.853588054286715914e-01
2.623411837943420144e-01
3.026252124925669085e-01
2.829881986780090064e-01
3.554485772545257216e-01
2.929134932068687691e-01
2.939572809641074480e-01
3.113565526599416100e-01
3.085514663165202509e-01
2.989576082344316266e-01
2.867524476025514746e-01
3.155260320717971911e-01
2.990587845193068417e-01
2.865520806033921564e-01
2.960578468754077042e-01
3.028573620494474095e-01
1.126616808645320988e+00
1.100265054047109281e+00
1.104901362890166494e+00
1.105548594894593561e+00
1.097803957996821067e+00
1.101427476481251500e+00
1.086472838319737066e+00
1.106850001382120974e+00
1.090692596284007498e+00
1.104286930633044506e+00
1.095749969447543659e+00
1.092974237311325370e+00
1.105438407361971409e+00
1.108313440447826981e+00
1.095865689347851335e+00
1.112284721022172462e+00
1.102815486171244252e+00
1.104661600538035859e+00
1.101733992788178185e+00
1.107785444848124135e+00
1.111085121143634113e+00
1.114427319228343372e+00
1.138405749379933551e+00
