1.058006957896237168e+02
9.140118410471766985e-01
-1.289346163245991228e+01
3.389710300013765859e-02
-7.398612158443145237e-01
-4.528596963526584874e-04
-2.245664333069856244e+00
2.669354559119024861e-01
2.707063758708986856e-01
2.607640939935156332e-01
2.564959248040880602e-01
2.558337871150267451e-01
2.626330832048781594e-01
2.793816506351340934e-01
2.789120895061626415e-01
2.803398679781737846e-01
2.917944524196556810e-01
2.928445401699638628e-01
3.250330365746173511e-01
3.250298066082699111e-01
3.161558969175214395e-01
3.006756428004510040e-01
2.946187458697406281e-01
2.800784770953553826e-01
2.785526888235853038e-01
2.659456026924451044e-01
2.590814834751717366e-01
2.639268483684377165e-01
2.607547810245564590e-01
2.643515425921992290e-01
1.124574053359399750e+00
1.110556682737972256e+00
1.106329494171181205e+00
1.106470564024443437e+00
1.106289030979599408e+00
1.109180540637529244e+00
1.113402485847717616e+00
1.116533859535483009e+00
1.106148394204395924e+00
1.113013051690828537e+00
1.111680196755786110e+00
1.109129471299172387e+00
1.107789437457038728e+00
1.106931542820622116e+00
1.101343152677173753e+00
1.115789696668163078e+00
1.110656620982304332e+00
1.114010917531451206e+00
1.110241766634760374e+00
1.108768466840656997e+00
1.107769974664814194e+00
1.109011752915041615e+00
1.127533727149993670e+00
