8.998142586003535826e+01
9.417969197527227276e-01
-3.096074749639062595e+00
2.307238763139531773e-02
-5.682280725012689437e-01
-1.042918344716523438e-03
-2.320426395832926758e+00
2.665424661132267947e-01
2.704415295501648719e-01
2.605347982405426532e-01
2.563297678312539407e-01
2.554136929911182685e-01
2.622376630909038497e-01
2.786997060691721040e-01
2.782477124060360740e-01
2.795864113720942790e-01
2.906171506263565685e-01
2.907015444144245842e-01
3.243859092909349706e-01
3.246982077921198862e-01
3.158501636231236809e-01
3.001455679250698005e-01
2.945555793200458350e-01
2.797862460728870460e-01
2.781908017825654444e-01
2.657948743663655633e-01
2.589240649667697847e-01
2.637952983511686611e-01
2.603378616242879584e-01
2.638824250805624771e-01
1.124572325244278748e+00
1.110554437116901161e+00
1.106327155465506751e+00
1.106467742174587876e+00
1.106286762226700748e+00
1.109177187301250589e+00
1.113398715183021803e+00
1.116527631959540079e+00
1.106137300513930999e+00
1.112993216079467107e+00
1.111619146327264662e+00
1.109224666616862143e+00
1.107781178524731347e+00
1.106924544554742873e+00
1.101339879367161823e+00
1.115784818618382301e+00
1.110653917522278711e+00
1.114008893109437848e+00
1.110239104649308972e+00
1.108765840612814468e+00
1.107766871987546864e+00
1.109009332647249879e+00
1.127530743280032999e+00
