1.329581051009080852e+02
8.651452838662658795e-01
-1.290586310176595575e+01
3.571610204370646857e-02
-7.657375095210243732e-01
-3.793040676833622912e-04
-2.206922144029933808e+00
2.662163468712965275e-01
2.700170846882943287e-01
2.600969003200055418e-01
2.558321258409452237e-01
2.552266418516402346e-01
2.619643523964853560e-01
2.787236762137419444e-01
2.782275466789608243e-01
2.796977551220356517e-01
2.913185557965322081e-01
2.930011104533948862e-01
3.246432042000889084e-01
3.242262053528200405e-01
3.152037889617548827e-01
2.998262957257430417e-01
2.937162599917257921e-01
2.792937132131624312e-01
2.778240463997601606e-01
2.652335597727397687e-01
2.584235288812808951e-01
2.632451672135499021e-01
2.601093655250703018e-01
2.636996472869285180e-01
1.124570367672171667e+00
1.110553049241744139e+00
1.106326210356277429e+00
1.106467475237891573e+00
1.106285756344808302e+00
1.109177367845256557e+00
1.113398808516689709e+00
1.116530360799736554e+00
1.106145011692703406e+00
1.113009851051476984e+00
1.111684804481867683e+00
1.109021364947924138e+00
1.107769962836730127e+00
1.106922310982579205e+00
1.101336399580364001e+00
1.115784895719902581e+00
1.110652379103369780e+00
1.114006953143303891e+00
1.110238366035658064e+00
1.108765196939461850e+00
1.107766796882025506e+00
1.109008529036311641e+00
1.127530437357403992e+00
