9.871114063494328002e+04
-5.958153797769678572e-01
1.402335790144477869e+03
1.773323770892214213e-02
-5.049848218569450431e-01
-1.098729508380901290e-03
-4.645645928749281839e-01
2.626709349102188118e-01
2.670215151975858237e-01
2.579832436223119529e-01
2.542634425140593013e-01
2.542730359087652103e-01
2.619766159230833558e-01
2.799679576887910137e-01
2.817293392371063021e-01
2.876561644928599670e-01
3.072656269374792748e-01
3.326488966041427631e-01
3.765483866802519231e-01
3.199892870773710096e-01
3.084448085688824559e-01
2.935698230975132272e-01
2.886275686239402338e-01
2.748154130069370704e-01
2.741268759904810226e-01
2.623593968640376417e-01
2.564872071583718660e-01
2.618454343240623206e-01
2.590473527272110776e-01
2.637232471294885805e-01
1.124553534280695155e+00
1.110538771198797736e+00
1.106314787963969426e+00
1.106459670803103146e+00
1.106281737514175356e+00
1.109177524916702851e+00
1.113407209457781821e+00
1.116550224143131986e+00
1.106193975293606968e+00
1.113145245394612015e+00
1.112322647431976952e+00
1.107777905831625054e+00
1.107512574498237701e+00
1.106836928567819012e+00
1.101289706948223479e+00
1.115751939000869442e+00
1.110629852496590741e+00
1.113988964096276568e+00
1.110224569899572966e+00
1.108753640673038943e+00
1.107758392529094360e+00
1.109005476658105449e+00
1.127529932438248172e+00
