1.393083559177937059e+04
-4.790037571741086464e-01
4.929827266627856375e+01
9.652671518068522581e-04
-5.018384429830691218e-01
-3.131032732507639624e-05
8.990416343899838847e-02
3.051094711623781874e-01
3.110875566168909145e-01
2.895603340569472550e-01
2.904738673163816953e-01
2.815249480798091564e-01
2.781550986332937403e-01
3.056386771706572358e-01
2.853610301625585377e-01
2.623442319355205887e-01
3.026289797190989117e-01
2.829928307350046968e-01
3.554520845322447498e-01
2.929181507531569695e-01
2.939607570786249013e-01
3.113594997211476811e-01
3.085543751225983677e-01
2.989605297126060046e-01
2.867553231862946528e-01
3.155284951057080733e-01
2.990613644214052957e-01
2.865549742671102407e-01
2.960603471631707007e-01
3.028601684785862669e-01
1.126616920631252405e+00
1.100265195863639800e+00
1.104901470659147789e+00
1.105548688878368990e+00
1.097804050973655965e+00
1.101427588804337443e+00
1.086472980351702811e+00
1.106850192333212357e+00
1.090692770042994475e+00
1.104287255873557916e+00
1.095750621636841116e+00
1.092979221872801610e+00
1.105439091444081035e+00
1.108313766834591707e+00
1.095865940400169602e+00
1.112284893456375379e+00
1.102815613387253313e+00
1.104661700643903455e+00
1.101734125087546756e+00
1.107785553955716651e+00
1.111085206952943993e+00
1.114427435916745424e+00
1.138405866881661899e+00
