2.695108431833391660e+04
-5.568591570218900388e-01
3.216497642385562045e-09
6.976801176444955357e-03
-7.465466428289901923e-01
9.860957631317502959e-17
-2.049960750667635168e+00
3.006405001674629096e-01
3.012757742859299981e-01
3.023262657087369965e-01
2.952915927777597926e-01
2.977167741632562592e-01
2.858924017506511706e-01
3.098369986676995924e-01
3.049730113816119803e-01
2.922873743193086238e-01
2.999898149832317951e-01
3.240480659602736901e-01
3.487560818543449792e-01
3.350056496479252299e-01
3.122868498612104693e-01
3.044271953275436982e-01
2.939842923481004178e-01
3.077100964565568919e-01
3.095914079957673426e-01
2.844088288856223001e-01
3.154874444946832446e-01
3.067314437112533265e-01
3.072568641351740015e-01
3.125877309150379424e-01
1.125214011393278257e+00
1.094840613994845890e+00
1.099921846683768800e+00
1.097661432107454038e+00
1.111486579909233052e+00
1.105895338959910434e+00
1.102725764363585714e+00
1.108208488784514945e+00
1.105017057483981713e+00
1.099436113445349639e+00
1.103734836003124054e+00
1.126164490088064074e+00
1.109189669261309907e+00
1.089561095067567820e+00
1.096981492215879372e+00
1.108832458007720012e+00
1.109317066420536735e+00
1.112492608969076979e+00
1.093382356794388555e+00
1.106078473784223748e+00
1.099949248109334254e+00
1.108525557836713693e+00
1.124097253383272710e+00
