9.870899508740563761e+04
-5.958103828480270092e-01
1.402305833730233189e+03
1.773308915109861675e-02
-5.049827407784674982e-01
-1.098730079385972207e-03
-4.645794449761450062e-01
2.626709651781517496e-01
2.670215133336767965e-01
2.579832538064192882e-01
2.542634323149274289e-01
2.542730304554221554e-01
2.619765958516902526e-01
2.799679191779828602e-01
2.817292647590106669e-01
2.876560344433547467e-01
3.072654074568952343e-01
3.326484929171308891e-01
3.765476998708975898e-01
3.199892363992830613e-01
3.084447828065120523e-01
2.935698163354019674e-01
2.886275578283598042e-01
2.748154110369944170e-01
2.741268854816483747e-01
2.623593945970749686e-01
2.564872115550533849e-01
2.618454264050866231e-01
2.590473412938942288e-01
2.637232390527336490e-01
1.124553534020029444e+00
1.110538771066172936e+00
1.106314787755581230e+00
1.106459670635152159e+00
1.106281737255249586e+00
1.109177524601981046e+00
1.113407209018323352e+00
1.116550223603996805e+00
1.106193974470072838e+00
1.113145243803346673e+00
1.112322641399483780e+00
1.107777875763521269e+00
1.107512575176010650e+00
1.106836928659473696e+00
1.101289706853614936e+00
1.115751938934290033e+00
1.110629852385900174e+00
1.113988963925209186e+00
1.110224569768999414e+00
1.108753640486445979e+00
1.107758392340151055e+00
1.109005476411689228e+00
1.127529932074056163e+00
