4.194906693149865532e+03
-9.469581735430940284e-02
-2.644222517537798467e+03
4.583039609156721212e+02
-4.315390121868597495e-01
-5.539829363502677495e+01
1.464106022193822909e-03
-1.763347985041500976e-02
1.982868354673621436e-01
5.005389448421336818e-01
-1.360832995489011044e+00
1.457193108764072154e-01
1.468104129149308268e-01
1.450889306177544635e-01
1.384150904502480794e-01
1.220370525341417517e-01
1.467152618485605409e-01
1.302826530098196989e-01
1.228709427095232287e-01
1.328865892565035123e-01
1.220530769143821775e-01
1.239430611652907882e-01
9.651037052857219800e-02
1.399437771486660154e-01
1.362864821986257968e-01
1.203140323399661121e-01
1.574353330481146618e-01
1.486785948501234689e-01
1.335791400467538637e-01
1.495268765481170270e-01
1.401532222491349011e-01
1.367744239835333997e-01
1.464164335594038135e-01
1.188290465882865660e-01
1.153837278739645811e+00
1.176687405211393811e+00
1.171488522496848317e+00
1.229129649412501690e+00
1.168220561499756283e+00
1.208672586012037975e+00
1.141757306948195883e+00
1.173145201595085174e+00
1.189137715461743294e+00
1.157214201937554199e+00
1.203726738771242477e+00
1.219488638056770879e+00
1.192136609963774463e+00
1.175705762696516610e+00
1.145915453903955772e+00
1.199350448218647225e+00
1.176767955341011085e+00
1.151579260664719717e+00
1.157317024577817710e+00
1.147455943562957437e+00
1.179534119658853353e+00
1.180434157449164134e+00
1.156076532489257236e+00
