8.483302639020635070e+02
-5.537195906597696649e+01
2.259847627916786728e+00
-2.300618658571193520e-02
6.725192041879272031e-05
4.889605525182431620e+02
-2.532530440513401260e+01
7.626337002897285444e-01
-5.196662782546461121e-03
7.019340499251005561e-01
2.539709871691901190e-03
2.004750078626228630e-06
-2.412726631969792732e-07
9.123268373969144846e-04
1.361711856087137740e-01
1.494064055493812826e-01
1.584577144392321502e-01
1.684382073424861015e-01
1.710640592728504550e-01
1.965817723584653010e-01
1.551919010835998702e-01
1.741740627243651696e-01
1.461882736132476268e-01
1.789756834044574085e-01
1.880970115162051981e-01
1.302566302431985845e-01
9.655928894380549909e-02
1.014533300648527425e-01
1.277410294417746783e-01
1.309072883794835662e-01
1.360622019113443548e-01
1.278405580758799620e-01
1.669986236038977501e-01
1.671258427117021106e-01
1.529845555882479724e-01
2.081610306138979849e-01
1.672466787416608536e-01
1.151843650881230197e+00
1.141504372610613993e+00
1.135090327619326711e+00
1.112218655345736051e+00
1.112786238248825166e+00
1.142797075745183744e+00
1.126509399938542488e+00
1.150130724484058398e+00
1.103681039618483517e+00
1.131388897538330829e+00
1.104808338301668913e+00
1.191425035068576666e+00
1.182904013200416493e+00
1.177300813365756982e+00
1.186333108534935343e+00
1.174092583105396326e+00
1.160061036153994918e+00
1.188805249297182121e+00
1.110445574711606209e+00
1.124920050904743896e+00
1.127575343909878791e+00
1.103834326741757410e+00
1.129811171279266668e+00
