1.839761401708536719e+13
-5.670417236965825225e+00
5.409599825668249228e-04
3.500168162811462656e+18
-8.854235191795366333e+00
-2.090223376144780335e-02
-1.344376184688389486e-01
7.665629272484259307e-03
-1.378323314258913257e+01
1.018522014074111581e+00
-1.078152882661193857e-01
1.924504651287961554e-01
1.797565615759042223e-01
1.794961986944065835e-01
2.181635842671806047e-01
1.912194066312679630e-01
2.392193752619934111e-01
1.800978928463966011e-01
1.772232052825783721e-01
1.872294050161915913e-01
2.067653297467765272e-01
1.840091180544005112e-01
2.207621349057611593e-01
1.961688444982955526e-01
2.008729238870974321e-01
2.044203249889808283e-01
1.796961202492477483e-01
1.988307959188804763e-01
1.756484625719222648e-01
1.673188267650950467e-01
1.906464654206194709e-01
2.025276527532535731e-01
1.969788982139262512e-01
1.268735436759734769e-01
1.117696330422098372e+00
1.079173870972309324e+00
1.078563930081028133e+00
1.074189821800451083e+00
1.089188004465948101e+00
1.108006079456410164e+00
1.077162798196377613e+00
1.076506443895481224e+00
1.106656061192829776e+00
1.072653875076241548e+00
1.097860859480459528e+00
1.109839981147412225e+00
1.083475062507227138e+00
1.085436623590894767e+00
1.114664978782666571e+00
1.131082404278642262e+00
1.091054399048333012e+00
1.095971445531559452e+00
1.098379265347197542e+00
1.087662770891897335e+00
1.078551348832923695e+00
1.094898700235382938e+00
1.102971687233974540e+00
