5.766389351741404212e+00
2.785988613783584977e+00
6.813014062116592413e+02
8.612997424924676015e-02
4.588712058493753077e+00
1.712640325222326283e+03
1.720997227984941980e-01
-4.106846054189581402e-02
2.577571935159604138e-07
3.780557998670724604e-03
2.633585001187197516e-01
2.399312021351436286e-01
2.314846626127499696e-01
2.424739464711338777e-01
2.632281275254330088e-01
2.642198091795302517e-01
2.516372477756307346e-01
2.707002838422045699e-01
2.436811633433731972e-01
2.321008521846239236e-01
2.836325704651951884e-01
2.903707723078426950e-01
2.557058121334221390e-01
2.500902548080121135e-01
2.173312036323248597e-01
2.612377224022032207e-01
2.285971949678468063e-01
2.816240865858327669e-01
2.325691019751237043e-01
2.618084070580544709e-01
2.593105697152902622e-01
2.516796236976363010e-01
2.926828002963969833e-01
9.944849768925165812e-01
1.006852545083557038e+00
1.006873108178181431e+00
1.007181268083787717e+00
9.914328052211764941e-01
1.007002905301063400e+00
9.968257759169819598e-01
9.926716542246237784e-01
1.013797458169861665e+00
1.018725066009373625e+00
1.018284690912989454e+00
1.055625838245374926e+00
1.038576912021197396e+00
1.032718406892210838e+00
1.027123629808256222e+00
1.034400870865718636e+00
1.016428449046884230e+00
1.002697092560923542e+00
1.004963515384458939e+00
9.904354284143205289e-01
9.888909406430776983e-01
1.013237720708750178e+00
9.759650914517352671e-01
