-2.550576782226562500e+01
-1.642648124694824219e+01
-5.793084144592285156e+00
4.878349781036376953e+00
1.549653434753417969e+01
2.614469528198242188e+01
3.678938674926757812e+01
4.703361892700195312e+01
5.857426452636718750e+01
6.869124603271484375e+01
7.936191558837890625e+01
9.000930023193359375e+01
1.006458816528320312e+02
1.112954330444335938e+02
1.215787353515625000e+02
1.328979492187500000e+02
1.432372283935546875e+02
1.538802032470703125e+02
1.645175933837890625e+02
1.751307373046875000e+02
1.858025360107421875e+02
1.964382171630859375e+02
2.055149383544921875e+02
