2.695108430735950606e+04
-5.568591569428329446e-01
3.217187348037648946e-09
6.976801177351668430e-03
-7.465466428586825520e-01
9.860957693915383330e-17
-2.049960750950680310e+00
3.006405001683748468e-01
3.012757742868758526e-01
3.023262657096199013e-01
2.952915927784494077e-01
2.977167741638297449e-01
2.858924017508921445e-01
3.098369986677295684e-01
3.049730113811273680e-01
2.922873743180561812e-01
2.999898149809392955e-01
3.240480659544546227e-01
3.487560818474727542e-01
3.350056496482527457e-01
3.122868498623478928e-01
3.044271953286478150e-01
2.939842923491099436e-01
3.077100964577012543e-01
3.095914079969113164e-01
2.844088288864104475e-01
3.154874444956474733e-01
3.067314437118681680e-01
3.072568641357660835e-01
3.125877309153748951e-01
1.125214011393294467e+00
1.094840613994858547e+00
1.099921846683778792e+00
1.097661432107462698e+00
1.111486579909239270e+00
1.105895338959915764e+00
1.102725764363586602e+00
1.108208488784511392e+00
1.105017057483963949e+00
1.099436113445278140e+00
1.103734836002715047e+00
1.126164490088690018e+00
1.109189669261476441e+00
1.089561095067625329e+00
1.096981492215915566e+00
1.108832458007745325e+00
1.109317066420555165e+00
1.112492608969090968e+00
1.093382356794401655e+00
1.106078473784233296e+00
1.099949248109344468e+00
1.108525557836719688e+00
1.124097253383277817e+00
