2.695336090714149759e+04
-5.568812018904363281e-01
1.770424324858628756e-03
6.976570278959794147e-03
-7.465372972634136683e-01
6.357590821552441364e-17
-2.049937044871929182e+00
3.006411167763983761e-01
3.012763521823816903e-01
3.023268306855803611e-01
2.952921875187294320e-01
2.977173600671872422e-01
2.858930318861974684e-01
3.098376008722731334e-01
3.049736104287141814e-01
2.922879699632466854e-01
2.999903227885897805e-01
3.240484497708393530e-01
3.487557114199810182e-01
3.350057470607896160e-01
3.122871524111541786e-01
3.044276382846934914e-01
2.939848212512656822e-01
3.077106413434723131e-01
3.095919623534755249e-01
2.844094467480990929e-01
3.154880168865196732e-01
3.067320716705995154e-01
3.072574627534448433e-01
3.125883749697795366e-01
1.125214018829550744e+00
1.094840622071970859e+00
1.099921855153130457e+00
1.097661440109789499e+00
1.111486588696037003e+00
1.105895347167654030e+00
1.102725775872060998e+00
1.108208501975973093e+00
1.105017073234320524e+00
1.099436139663484413e+00
1.103734897545845417e+00
1.126164343470338114e+00
1.109189683134372162e+00
1.089561109325396737e+00
1.096981503170615602e+00
1.108832466569426023e+00
1.109317075442364242e+00
1.112492617832318453e+00
1.093382363407768176e+00
1.106078482880341829e+00
1.099949256318872193e+00
1.108525567054231775e+00
1.124097262991443191e+00
