4.031464306111531187e+03
-8.587999745350380354e-02
-2.623625965207825175e+03
4.634210114288862314e+02
-4.413228015765372492e-01
-5.313312549822656194e+01
-7.005026585746657042e-05
2.684082306718780370e-02
1.964727024519027365e-01
5.295079938164783950e-01
-1.198259837203895728e+00
1.475815962772235590e-01
1.488532843315850951e-01
1.469348571701976081e-01
1.403534137287528460e-01
1.239399078262822945e-01
1.483359477535895199e-01
1.320580940371707535e-01
1.244178041526235040e-01
1.349640131511145036e-01
1.237613271796226683e-01
1.248632505673348131e-01
9.940020621439216164e-02
1.416909550775466153e-01
1.378058026201238184e-01
1.219359066678517567e-01
1.592510844675431858e-01
1.505602401927889078e-01
1.355624738808284824e-01
1.514360091810586784e-01
1.420432067128852838e-01
1.384643466817301050e-01
1.483144419185329632e-01
1.200797207598427868e-01
1.152469294952166434e+00
1.175243075093988177e+00
1.170136448611031277e+00
1.227769285202048533e+00
1.166941283845278843e+00
1.207415998973072391e+00
1.140513685492512641e+00
1.172036602963953733e+00
1.187789985929892822e+00
1.156164590600926800e+00
1.203612587471498685e+00
1.217269966419574301e+00
1.190715187422391352e+00
1.174497370231058602e+00
1.144739773168981456e+00
1.197949362891938874e+00
1.175382236439810324e+00
1.150211458212604176e+00
1.155916833195756777e+00
1.146106393931715317e+00
1.178282252417303111e+00
1.179057405843685791e+00
1.155083540986544755e+00
