4.403313091013724261e+03
-9.797662144865476597e-02
-2.796964813646964103e+03
4.549637032354112307e+02
-4.272672078930537243e-01
-5.621702914214927205e+01
-1.237576619653372664e-03
4.978822153731143896e-02
4.830016150617241766e-02
5.678596592498723616e-01
-3.882352666159722965e-01
1.481025352517145177e-01
1.490807183187487783e-01
1.473957152016265870e-01
1.398087904823057670e-01
1.239889559097375193e-01
1.481608820502558765e-01
1.323830289713049391e-01
1.246420807655340829e-01
1.362392349728261121e-01
1.246021636780015179e-01
1.219582958418262419e-01
1.056255142087928200e-01
1.418199228405028212e-01
1.370165053877528127e-01
1.214837175220842835e-01
1.591323320703706967e-01
1.495881733455683427e-01
1.358388581396263728e-01
1.518479577102282152e-01
1.419187881044307875e-01
1.384611792505456018e-01
1.481127814840921542e-01
1.194877283318570155e-01
1.149743795891728038e+00
1.172627945042469699e+00
1.167457206572922956e+00
1.225641252382957402e+00
1.164852474264672644e+00
1.205041073461090351e+00
1.138220617761384501e+00
1.169970258928421769e+00
1.185194299880369284e+00
1.154218629852869382e+00
1.205187395891875957e+00
1.209888932963405273e+00
1.186428369451719034e+00
1.172131029852289119e+00
1.142779526808661572e+00
1.195260050643443650e+00
1.173211086017738269e+00
1.147793229985493824e+00
1.153179126622183803e+00
1.143759995979496846e+00
1.175956462402723890e+00
1.176671135126528212e+00
1.153352954959838250e+00
