# q[1/nm]	S(q)
2.006199999999999997e-02 5.790555743004043715e-02
2.058400000000000160e-02 6.175248836981755973e-02
2.111099999999999782e-02 5.907797031384293823e-02
2.163399999999999698e-02 6.392232336111630664e-02
2.215400000000000008e-02 6.478506198164522834e-02
2.267100000000000365e-02 6.917576567260445841e-02
2.319500000000000034e-02 6.138146676470128404e-02
2.372099999999999903e-02 6.713457156459692876e-02
2.424400000000000166e-02 6.605216001500420486e-02
2.476400000000000129e-02 6.927486834067914101e-02
2.528299999999999992e-02 6.750207621328498109e-02
2.579899999999999902e-02 7.047341667978966606e-02
2.632499999999999771e-02 6.996826894726577983e-02
2.685200000000000087e-02 7.059240080550577279e-02
2.737299999999999803e-02 7.257403845446008805e-02
2.789200000000000013e-02 7.540529477714805195e-02
2.841099999999999876e-02 7.481146400986893319e-02
2.893300000000000038e-02 7.669492224853328988e-02
2.945699999999999708e-02 8.072828184990979428e-02
2.998400000000000024e-02 8.248167195826566767e-02
3.050399999999999986e-02 8.381421571635087886e-02
3.102000000000000243e-02 8.632699924917162926e-02
3.154400000000000259e-02 9.196434445815739045e-02
3.207000000000000128e-02 9.315612967333251893e-02
3.259399999999999797e-02 9.543314699642034549e-02
3.311399999999999760e-02 9.943638265983147095e-02
3.363300000000000317e-02 1.013890942345784391e-01
3.415300000000000280e-02 1.043729160999413152e-01
3.467800000000000049e-02 1.025028664920349941e-01
3.520199999999999718e-02 1.071009278818252225e-01
3.572200000000000375e-02 1.189741067081287879e-01
3.624299999999999744e-02 1.192441146228468002e-01
3.676299999999999707e-02 1.136710550375204798e-01
3.728599999999999970e-02 1.152270604088988792e-01
3.780899999999999539e-02 1.273905149665579550e-01
3.833200000000000496e-02 1.324925515914527341e-01
3.885500000000000065e-02 1.353305147566151723e-01
3.937200000000000422e-02 1.431386558910591189e-01
3.989199999999999691e-02 1.562841532784774168e-01
4.041499999999999954e-02 1.650290761180521759e-01
4.093800000000000217e-02 1.755761286485212069e-01
4.146099999999999786e-02 1.764543824675866290e-01
4.302799999999999681e-02 2.155857333803771203e-01
4.355000000000000537e-02 2.220496224961063803e-01
4.407099999999999906e-02 2.373817755036763399e-01
4.459099999999999869e-02 2.554093500797668947e-01
4.511099999999999832e-02 2.717784377245634486e-01
4.563399999999999401e-02 3.006652368463793024e-01
4.615799999999999764e-02 3.135403633151955805e-01
4.668100000000000027e-02 3.193368419488620269e-01
4.720200000000000090e-02 3.312368952865232252e-01
4.772099999999999953e-02 3.608947170071604704e-01
4.824400000000000216e-02 3.962915718405085053e-01
4.876799999999999885e-02 4.221557770930076670e-01
4.928899999999999948e-02 4.508363018707683412e-01
4.981000000000000011e-02 4.810038993902363003e-01
5.032999999999999974e-02 4.982839937397549601e-01
5.085100000000000731e-02 5.589387255401495613e-01
5.137599999999999806e-02 6.093048803727633134e-01
5.189699999999999869e-02 6.755635661942210879e-01
5.241599999999999732e-02 7.155722399604682593e-01
5.293400000000000188e-02 7.847330094014977053e-01
5.345300000000000051e-02 8.157083643320225397e-01
5.397899999999999920e-02 8.627062267039463661e-01
5.450400000000000383e-02 9.699853038584616005e-01
5.502499999999999752e-02 1.015155808665649584e+00
5.554599999999999815e-02 1.047506071634906499e+00
5.606599999999999778e-02 1.199914960782637152e+00
5.658799999999999941e-02 1.289905091882117993e+00
5.711199999999999610e-02 1.470225430048078152e+00
5.763400000000000467e-02 1.545639761111548438e+00
5.815500000000000530e-02 1.597662799816943702e+00
5.867699999999999999e-02 1.709176900356728535e+00
5.919899999999999468e-02 1.805008187886705251e+00
5.972200000000000425e-02 2.060451337663605109e+00
6.024399999999999894e-02 2.123171887095001598e+00
6.076700000000000157e-02 2.189083114219402049e+00
6.128700000000000120e-02 2.219420204304979549e+00
6.180899999999999589e-02 2.229849645392116386e+00
6.233400000000000052e-02 2.225291553163979419e+00
6.285699999999999621e-02 2.078042217175567252e+00
6.337800000000000378e-02 1.935810041881906196e+00
6.389799999999999647e-02 1.812030613762969145e+00
6.442000000000000504e-02 1.757360133548508507e+00
6.494500000000000273e-02 1.631620483189343718e+00
6.546599999999999642e-02 1.480675081628461509e+00
6.598700000000000399e-02 1.366486467418623896e+00
6.651100000000000068e-02 1.306034982045638948e+00
6.703200000000000824e-02 1.266482759089187615e+00
6.755200000000000093e-02 1.191256399357709217e+00
6.807499999999999662e-02 1.162192866555446180e+00
6.859800000000000619e-02 1.115935882203561436e+00
6.911899999999999988e-02 1.087566028580590372e+00
6.963900000000000645e-02 1.062975539319652496e+00
7.016300000000000314e-02 1.061585898145887885e+00
7.068599999999999883e-02 1.034830966708133015e+00
7.120799999999999352e-02 1.057622173595915482e+00
7.173000000000000209e-02 1.060477517876621034e+00
7.224800000000000666e-02 1.045574426388783618e+00
7.277000000000000135e-02 1.067595158257615751e+00
7.329399999999999804e-02 1.025506716203020252e+00
7.381899999999999573e-02 1.020535062221002542e+00
7.434100000000000430e-02 9.803497027495451377e-01
7.486099999999999699e-02 9.769952537986057450e-01
7.538100000000000356e-02 9.605825489084436342e-01
7.590299999999999825e-02 8.927682150026848840e-01
7.642600000000000782e-02 8.713723066576345433e-01
7.694800000000000251e-02 8.539419737288799217e-01
7.747000000000001108e-02 8.264864847152932903e-01
7.799100000000000477e-02 8.253555645453292122e-01
7.851299999999999946e-02 8.050866173729450681e-01
7.903599999999999515e-02 7.617165099579621401e-01
7.955699999999998884e-02 7.331202319903722397e-01
8.007699999999999541e-02 7.091877597681435219e-01
8.059700000000000197e-02 7.170023910464268235e-01
8.111999999999999766e-02 6.950439963407004651e-01
8.164299999999999335e-02 6.916968199291643193e-01
8.216500000000000192e-02 6.752681912274774989e-01
8.268799999999999761e-02 6.651975251379323995e-01
8.320800000000000418e-02 6.582982382792716969e-01
8.372900000000001175e-02 6.654259710665602068e-01
8.425200000000000744e-02 6.580103453309491535e-01
8.477399999999998825e-02 6.315581864622185071e-01
8.529399999999999482e-02 6.449371628935010037e-01
8.581699999999999051e-02 6.490069482366482845e-01
8.633899999999999908e-02 6.465336196810197444e-01
8.686199999999999477e-02 6.553147360235090924e-01
8.738499999999999046e-02 6.592051293209991725e-01
8.790499999999999703e-02 6.688154722420688314e-01
8.842600000000000460e-02 6.549359319366213628e-01
8.894600000000001117e-02 6.546197700379321471e-01
8.946799999999999198e-02 6.521774237503003002e-01
8.999000000000000055e-02 6.836968668349896472e-01
9.051299999999999624e-02 6.942942895286535743e-01
9.103500000000000481e-02 7.025377747185017618e-01
9.155399999999999650e-02 6.985140256877273579e-01
9.207399999999998919e-02 7.135209019294842525e-01
9.259599999999999775e-02 7.235417248800193324e-01
9.311899999999999344e-02 7.594475530930782092e-01
9.364100000000000201e-02 7.516549830806433796e-01
9.416199999999999570e-02 7.550001188617796455e-01
9.468300000000000327e-02 7.813290063020538190e-01
9.520699999999999996e-02 7.876252448063829625e-01
9.572900000000000853e-02 8.029855751398536912e-01
9.625200000000000422e-02 8.226754767501402998e-01
9.677199999999999691e-02 8.523777703762588365e-01
9.729399999999999160e-02 8.797610528147540299e-01
9.781700000000001505e-02 9.099269154445573937e-01
9.834000000000001074e-02 9.301844169712901733e-01
9.886300000000000643e-02 9.461332917496394490e-01
9.938400000000000012e-02 9.481309548407309551e-01
9.990499999999999381e-02 9.980161985939497438e-01
1.004299999999999915e-01 1.020920219937967222e+00
1.009499999999999981e-01 1.017739280557604875e+00
1.014700000000000046e-01 9.762351648653680991e-01
1.019899999999999973e-01 9.852028191211013031e-01
1.025200000000000000e-01 9.919479447969870023e-01
1.030400000000000066e-01 1.060011409816279393e+00
1.035600000000000132e-01 1.084185257055538143e+00
1.040800000000000058e-01 1.100788947496323278e+00
1.045999999999999985e-01 1.116391767893436748e+00
1.051300000000000012e-01 1.111781178155984096e+00
1.056499999999999939e-01 1.164325292660725486e+00
1.061700000000000005e-01 1.197906071555359109e+00
1.066899999999999932e-01 1.208534612030258470e+00
1.072099999999999997e-01 1.207831501087750503e+00
1.077299999999999924e-01 1.243716302195346790e+00
1.082600000000000090e-01 1.288315390431096663e+00
1.087800000000000017e-01 1.303162508718348267e+00
1.093000000000000083e-01 1.281444681912751848e+00
1.098200000000000010e-01 1.291718732223274380e+00
1.103400000000000075e-01 1.298909247030297864e+00
1.108699999999999963e-01 1.300728131906139673e+00
1.113899999999999890e-01 1.326771728566800812e+00
1.119099999999999956e-01 1.300996290747508777e+00
1.124300000000000022e-01 1.287065219201380728e+00
1.129499999999999948e-01 1.337426200393597941e+00
1.134699999999999875e-01 1.325600017558553834e+00
1.140000000000000041e-01 1.345122177069045355e+00
1.145200000000000107e-01 1.320206337839944677e+00
1.150400000000000034e-01 1.349936108688236436e+00
1.155599999999999961e-01 1.294361375098497469e+00
1.160800000000000026e-01 1.299656551591543918e+00
1.166099999999999914e-01 1.299707854562447640e+00
1.171299999999999980e-01 1.297316313086112727e+00
1.176499999999999907e-01 1.257910285245609217e+00
1.181699999999999973e-01 1.223919642823388942e+00
1.187000000000000000e-01 1.209880839063882441e+00
1.192200000000000065e-01 1.214539279759609958e+00
1.197399999999999992e-01 1.194078211780598142e+00
1.202600000000000058e-01 1.155020252819126236e+00
1.207799999999999985e-01 1.113176348678979632e+00
1.213000000000000050e-01 1.100793708821784955e+00
1.218199999999999977e-01 1.094933487301430697e+00
1.223499999999999865e-01 1.052430385492945986e+00
1.228699999999999931e-01 9.989681682341899904e-01
1.233899999999999997e-01 1.011763441458928270e+00
1.239099999999999924e-01 9.739706193093660147e-01
1.244299999999999851e-01 9.702048058627804616e-01
1.249499999999999916e-01 9.765587483631883448e-01
1.254800000000000082e-01 9.190617295885730176e-01
1.260000000000000009e-01 8.864771112454703506e-01
1.265199999999999936e-01 8.961770187969947399e-01
1.270399999999999863e-01 1.063193875697317381e+00
1.275600000000000067e-01 8.453321473588552015e-01
1.280899999999999817e-01 8.441802599631355042e-01
1.286100000000000021e-01 8.501746203899438470e-01
1.291300000000000225e-01 8.297909999100513412e-01
1.296500000000000152e-01 8.010025317297715386e-01
1.301700000000000079e-01 8.398537697341714736e-01
1.306900000000000006e-01 7.981784565919903818e-01
1.312200000000000033e-01 8.114204243108231740e-01
1.317399999999999960e-01 8.301869664242218505e-01
1.322599999999999887e-01 8.089447348790353987e-01
1.327800000000000091e-01 7.753977053795404473e-01
1.333000000000000018e-01 7.556309636251761219e-01
1.338199999999999945e-01 7.728371711675618982e-01
1.343399999999999872e-01 7.730234499782199231e-01
1.348700000000000176e-01 7.714534879607160001e-01
1.353900000000000103e-01 7.591024741750377336e-01
1.359100000000000030e-01 7.616938584868552242e-01
1.364299999999999957e-01 7.724264043274775560e-01
1.369500000000000162e-01 7.959323147215722205e-01
1.374799999999999911e-01 7.911900093735046990e-01
1.380000000000000115e-01 7.966190267101218581e-01
1.385200000000000042e-01 7.836508795484957712e-01
1.390399999999999969e-01 7.558844071418765465e-01
1.395599999999999896e-01 7.784841923419308918e-01
1.400899999999999923e-01 7.983175026062783175e-01
1.406100000000000128e-01 7.743213433574933635e-01
1.411300000000000054e-01 7.726131318803572956e-01
1.416499999999999981e-01 7.721821468970793134e-01
1.421700000000000186e-01 7.953347016212966025e-01
1.426999999999999935e-01 8.251549142727455655e-01
1.432199999999999862e-01 8.357747406958797587e-01
1.437400000000000067e-01 8.181837355196923678e-01
1.442599999999999993e-01 7.950450374096964534e-01
1.447799999999999920e-01 8.407796751240870226e-01
1.453099999999999947e-01 8.582837705788276539e-01
1.458300000000000152e-01 8.600651646540963258e-01
1.463500000000000079e-01 8.698199334412811679e-01
1.468700000000000006e-01 8.821362310617272273e-01
1.473899999999999932e-01 9.223191809444784006e-01
1.479199999999999959e-01 9.158913334813979512e-01
1.484399999999999886e-01 9.123555506304348306e-01
1.489599999999999813e-01 9.153247747486593644e-01
1.494800000000000018e-01 9.668122492509269028e-01
1.499999999999999944e-01 9.923438185338787632e-01
1.505299999999999971e-01 9.860201304922593391e-01
1.510500000000000176e-01 9.756054725232266023e-01
1.515700000000000103e-01 1.009986997373484297e+00
1.520900000000000030e-01 1.046770853372865462e+00
1.526099999999999957e-01 1.086641219616636844e+00
1.531399999999999983e-01 1.076335239506474029e+00
1.536599999999999910e-01 1.091490960555077105e+00
1.541799999999999837e-01 1.080627764609420449e+00
1.547000000000000042e-01 1.090519519809040716e+00
1.552199999999999969e-01 1.096561703487946904e+00
1.557499999999999996e-01 1.103713551638244583e+00
1.562699999999999922e-01 1.132771009059668765e+00
1.567899999999999849e-01 1.142136862219893523e+00
1.573099999999999776e-01 1.159570313419000964e+00
1.578299999999999703e-01 1.184396161163030703e+00
1.583600000000000008e-01 1.164673592632132548e+00
1.588799999999999935e-01 1.187424445488895586e+00
1.593999999999999861e-01 1.196398191709635794e+00
1.599200000000000066e-01 1.163688337267807071e+00
1.604500000000000093e-01 1.174854570150436706e+00
1.609700000000000020e-01 1.167605154720801508e+00
1.614899999999999947e-01 1.172382799713133972e+00
1.620099999999999874e-01 1.189845219112587449e+00
1.625300000000000078e-01 1.191966657681982733e+00
1.630500000000000005e-01 1.172929726622901958e+00
1.635699999999999932e-01 1.161315607341295797e+00
1.641000000000000236e-01 1.138469940691083870e+00
1.646200000000000163e-01 1.136357855164948916e+00
1.651400000000000090e-01 1.129845840737817575e+00
1.656600000000000017e-01 1.115329397496366504e+00
1.661899999999999766e-01 1.092621444330265090e+00
1.667099999999999693e-01 1.092645158240366454e+00
1.672299999999999898e-01 1.103117315662483833e+00
1.677500000000000102e-01 1.054963412198354877e+00
1.682700000000000307e-01 1.017993900076613167e+00
1.687900000000000234e-01 1.015727754682379746e+00
1.693100000000000160e-01 1.007335042889443422e+00
1.698399999999999910e-01 8.709048919510402609e-01
1.703599999999999837e-01 7.872214976147510201e-01
1.708700000000000219e-01 7.132135509190600242e-01
1.713900000000000146e-01 8.006321469075141639e-01
1.719199999999999895e-01 8.497048780834759452e-01
1.724399999999999822e-01 9.025948940849515267e-01
1.729600000000000026e-01 9.079484103257102756e-01
1.734799999999999953e-01 9.074471904964023228e-01
1.739999999999999880e-01 8.931969426625452346e-01
1.745199999999999807e-01 8.763636909317367163e-01
1.750399999999999734e-01 8.678947510090400108e-01
1.755700000000000038e-01 8.500779704222684030e-01
1.760899999999999965e-01 8.448543629632990770e-01
1.766099999999999892e-01 8.676001991019056669e-01
1.771400000000000197e-01 8.709045589386572583e-01
1.776600000000000124e-01 8.475892197983911913e-01
1.781800000000000050e-01 8.791100919472881747e-01
1.786999999999999977e-01 8.612159254615978643e-01
1.792199999999999904e-01 8.308796217717397958e-01
1.797500000000000209e-01 8.352572884429640965e-01
1.802700000000000136e-01 8.411538235258784191e-01
1.807900000000000063e-01 8.259787908652338473e-01
1.813100000000000267e-01 8.486313036548569499e-01
1.818400000000000016e-01 8.893746177024322019e-01
1.823599999999999943e-01 8.964986392919940261e-01
1.828799999999999870e-01 8.864498640891708137e-01
1.833999999999999797e-01 8.630835268555395734e-01
1.839199999999999724e-01 8.758253783489960975e-01
1.844500000000000028e-01 8.649094391374256841e-01
1.849699999999999955e-01 8.548321243362336785e-01
1.854899999999999882e-01 8.635571557793880748e-01
1.860100000000000087e-01 9.207325538058847014e-01
1.865300000000000014e-01 9.252516659982216174e-01
1.870600000000000041e-01 9.213220819095054859e-01
1.875799999999999967e-01 9.302161221194726881e-01
1.880999999999999894e-01 9.737621942708684086e-01
1.886200000000000099e-01 9.318553061294270190e-01
1.891500000000000126e-01 9.325319048188291937e-01
1.896700000000000053e-01 9.173938326766172269e-01
1.901900000000000257e-01 9.120254247910581924e-01
1.907100000000000184e-01 9.360507682016417919e-01
1.912300000000000111e-01 9.594328526098730991e-01
1.917500000000000038e-01 9.319752814509230099e-01
1.922799999999999787e-01 9.840878357997219217e-01
1.927999999999999714e-01 9.761492998421706924e-01
1.933199999999999918e-01 9.921556201149100973e-01
1.938399999999999845e-01 1.004021142611466688e+00
1.943599999999999772e-01 1.004439747015341666e+00
1.948799999999999977e-01 1.006344810954985514e+00
1.954100000000000004e-01 1.020798291171920891e+00
1.959299999999999931e-01 1.038540089169892822e+00
1.964499999999999857e-01 1.001304817212455900e+00
1.969699999999999784e-01 1.039005368954389219e+00
1.975000000000000089e-01 1.059196053944748916e+00
1.980200000000000016e-01 1.072900052117906178e+00
1.985399999999999943e-01 1.030559242215253413e+00
1.990600000000000147e-01 1.020290437985562848e+00
1.995800000000000074e-01 1.061830117827929021e+00
2.001000000000000001e-01 1.079025653420250697e+00
2.006300000000000028e-01 1.109729509674869607e+00
2.011499999999999955e-01 1.097097751012214406e+00
2.016700000000000159e-01 1.102007365025795327e+00
2.021900000000000086e-01 1.106366314278368623e+00
2.027100000000000013e-01 1.118064681942100957e+00
2.032399999999999762e-01 1.181272658728021563e+00
2.037599999999999967e-01 1.147458023886680722e+00
2.042800000000000171e-01 1.161500792909661683e+00
2.048000000000000098e-01 1.157084566237584600e+00
2.053200000000000025e-01 1.182235318679067060e+00
2.058499999999999774e-01 1.250262574236897795e+00
2.063699999999999979e-01 1.243048216985206400e+00
2.074099999999999833e-01 1.178653026124301784e+00
2.079300000000000037e-01 1.180935099208320294e+00
2.084499999999999964e-01 1.209089714338227095e+00
2.089799999999999991e-01 1.280936137353280158e+00
2.094999999999999918e-01 1.257402466543209751e+00
2.100199999999999845e-01 1.247239052816105254e+00
2.105400000000000049e-01 1.248122379460048448e+00
2.110599999999999976e-01 1.221414729560455381e+00
2.115799999999999903e-01 1.249731721938114992e+00
2.121000000000000107e-01 1.234846796341698250e+00
2.126200000000000034e-01 1.209198146235664906e+00
2.131399999999999961e-01 1.254011145101881164e+00
2.136599999999999888e-01 1.213446030501033057e+00
2.141899999999999915e-01 1.218604926760259888e+00
2.147100000000000120e-01 1.188422521445771984e+00
2.152300000000000046e-01 1.170963811144852151e+00
2.157499999999999973e-01 1.238246869126729655e+00
2.162700000000000178e-01 1.252767949402491032e+00
2.167900000000000105e-01 1.199299712496644466e+00
2.173200000000000132e-01 1.161476076706470462e+00
2.178400000000000059e-01 1.130776959383350544e+00
2.183599999999999985e-01 1.126846308264355390e+00
2.188800000000000190e-01 1.115077050999721875e+00
2.194099999999999939e-01 1.143871287315593399e+00
2.199299999999999866e-01 1.150241438259895554e+00
2.204499999999999793e-01 1.104614834127273681e+00
2.209699999999999998e-01 1.085261249560300012e+00
2.214899999999999924e-01 1.060592443023827158e+00
2.220199999999999951e-01 1.085275844218842822e+00
2.230599999999999805e-01 1.088337185802923379e+00
2.235800000000000010e-01 1.042502004811547867e+00
2.240999999999999936e-01 1.050356675125807993e+00
2.246299999999999963e-01 9.953303386812740738e-01
2.251500000000000168e-01 9.517633382613182036e-01
2.256700000000000095e-01 9.825415550000096143e-01
2.261900000000000022e-01 1.009918195297258015e+00
2.267099999999999949e-01 9.919439759055425077e-01
2.272399999999999975e-01 9.725038464076688483e-01
2.277600000000000180e-01 9.733636683206292606e-01
2.282800000000000107e-01 9.624894177591760691e-01
2.288099999999999856e-01 9.297430691427018834e-01
2.293299999999999783e-01 9.357456861588009378e-01
2.298499999999999988e-01 9.380040676064240746e-01
2.303699999999999914e-01 9.492406278516739571e-01
2.308899999999999841e-01 9.371389126487492671e-01
2.314099999999999768e-01 9.621901751062761354e-01
2.319399999999999795e-01 9.600476755092534065e-01
2.324600000000000000e-01 9.337604004375642530e-01
2.329799999999999927e-01 9.408151561075756009e-01
2.334999999999999853e-01 9.423899804313980999e-01
2.340300000000000158e-01 9.728963950925165749e-01
2.345500000000000085e-01 9.449184409298773124e-01
2.350700000000000012e-01 9.355891699184873955e-01
2.355899999999999939e-01 9.456925437284989799e-01
2.361099999999999866e-01 1.033165182675937599e+00
2.366400000000000170e-01 9.240364913615984888e-01
2.371600000000000097e-01 9.560454249296841400e-01
2.376800000000000024e-01 1.020498160457393722e+00
2.381900000000000128e-01 9.916510598078169814e-01
2.392400000000000082e-01 1.004667956085079306e+00
2.397600000000000009e-01 9.821128417749889206e-01
2.402799999999999936e-01 9.920500101922948843e-01
2.408000000000000140e-01 1.012569710074756824e+00
2.413300000000000167e-01 1.040882394590328053e+00
2.418500000000000094e-01 1.007920123961058012e+00
2.423700000000000299e-01 1.002076456854202879e+00
2.428900000000000226e-01 1.034230514367709075e+00
2.434199999999999975e-01 1.014745933593697913e+00
2.439399999999999902e-01 1.062987992590228359e+00
2.444599999999999829e-01 1.021822693964208995e+00
2.449799999999999756e-01 1.088288048705964961e+00
2.454999999999999960e-01 1.042058821235652966e+00
2.460199999999999887e-01 1.014221998529886593e+00
2.465399999999999814e-01 1.027148669519817759e+00
2.470700000000000118e-01 1.108843055564499025e+00
2.475900000000000045e-01 1.108710672264924257e+00
2.481099999999999972e-01 1.152366172644356146e+00
2.486299999999999899e-01 1.173919090419151212e+00
2.491599999999999926e-01 1.166545583724123203e+00
2.496800000000000130e-01 1.129578415135984892e+00
2.501900000000000235e-01 1.151468901067281614e+00
2.507199999999999984e-01 1.216915390470211022e+00
2.512400000000000189e-01 1.122514527929842520e+00
2.517599999999999838e-01 1.145642096007358557e+00
2.522800000000000042e-01 1.136726029529787629e+00
2.528100000000000347e-01 1.124433956732859841e+00
2.533299999999999996e-01 1.079738235043564920e+00
2.538500000000000201e-01 1.175406311859926278e+00
2.543699999999999850e-01 1.143107397293638750e+00
2.549000000000000155e-01 1.164372608687774813e+00
2.554199999999999804e-01 1.157279113871207521e+00
2.559400000000000008e-01 1.153049426727045024e+00
2.564599999999999658e-01 1.245758533214821107e+00
2.569799999999999862e-01 1.172432553787360998e+00
2.575000000000000067e-01 1.173507365367084221e+00
2.580199999999999716e-01 1.184265481703688394e+00
2.585399999999999920e-01 1.113114282328644178e+00
2.590599999999999570e-01 1.131614749263042174e+00
2.595799999999999774e-01 1.119711319417857620e+00
2.601100000000000079e-01 1.056611183038120849e+00
2.606199999999999628e-01 1.283758428795364281e+00
2.611399999999999832e-01 1.474831964688791075e+00
2.616100000000000092e-01 1.521465328661028682e+00
